,DiegoAraque1207,Caadiazsi,GabrielUnal,Joacampora,Juankmilo97,bsdiaza,casc3798,diefrodriguezcha,federgolo,jaleonro,jsalcinar,nviverosb,olimita,sebcamacho1703,serbatero,xFortich,yaochoal,Jufcardenasmo,Anvido,Alekzu,Biopeligro,DavidsMartinez,Gavnic,Gusgal03,Ozai98,Sariilan,facuellarg,garayf,jssanchezo
DiegoAraque1207,0.0,100.0,28.2,57.8,71.2,28.2,65.5,59.2,54.5,85.1,24.8,61.0,67.7,28.2,55.0,39.5,57.5,26.7,20.5,26.9,40.5,100.0,28.2,28.2,39.3,28.2,28.2,40.7,28.2
Caadiazsi,100.0,0.0,100.0,51.2,41.7,100.0,53.7,18.0,54.5,17.8,39.7,57.1,54.7,100.0,9.1,45.7,45.4,35.0,22.2,73.9,66.7,100.0,100.0,100.0,7.2,100.0,100.0,25.1,100.0
GabrielUnal,28.2,100.0,0.0,6.7,12.8,38.8,25.8,12.1,16.3,2.3,4.8,40.8,15.1,38.8,7.7,4.8,4.6,46.9,20.5,26.9,40.5,100.0,38.8,38.8,4.7,38.8,38.8,1.8,38.8
Joacampora,57.8,51.2,6.7,0.0,68.5,28.0,55.4,49.3,49.3,47.8,21.4,53.8,56.0,28.0,52.6,33.7,46.4,37.3,13.1,7.5,45.4,51.2,63.4,39.3,28.9,28.0,28.0,31.3,28.0
Juankmilo97,71.2,41.7,12.8,68.5,0.0,53.7,69.3,54.5,49.3,20.0,24.2,84.5,54.1,53.7,45.4,31.8,35.2,45.7,18.0,11.7,47.2,41.7,61.3,39.8,28.3,53.7,53.7,13.5,53.7
bsdiaza,28.2,100.0,38.8,28.0,53.7,0.0,60.1,54.9,50.2,35.8,29.6,60.6,60.7,34.0,60.1,45.2,56.1,35.0,20.5,26.9,40.5,100.0,36.5,46.9,0.1,100.0,34.0,24.2,34.0
casc3798,65.5,53.7,25.8,55.4,69.3,60.1,0.0,58.1,55.3,8.1,9.1,81.4,71.1,53.7,45.6,25.6,19.3,58.2,18.8,20.1,50.3,53.7,69.5,45.6,45.8,53.7,53.7,6.9,53.7
diefrodriguezcha,59.2,18.0,12.1,49.3,54.5,54.9,58.1,0.0,47.5,35.9,31.9,57.1,56.3,18.0,44.6,10.8,55.4,22.8,18.1,11.9,33.9,18.0,53.5,20.3,41.8,18.0,18.0,32.9,18.0
federgolo,54.5,54.5,16.3,49.3,49.3,50.2,55.3,47.5,0.0,17.6,24.2,57.0,37.4,12.3,32.9,24.4,27.8,55.9,16.3,14.8,54.5,54.5,54.8,46.3,43.5,54.5,39.2,17.2,12.3
jaleonro,85.1,17.8,2.3,47.8,20.0,35.8,8.1,35.9,17.6,0.0,24.6,28.5,34.5,17.8,46.5,34.0,56.5,19.7,37.9,43.0,23.1,17.8,8.5,15.1,8.6,17.8,12.8,53.0,17.8
jsalcinar,24.8,39.7,4.8,21.4,24.2,29.6,9.1,31.9,24.2,24.6,0.0,54.1,30.1,39.7,20.7,45.8,40.9,45.4,13.9,47.8,29.1,39.7,10.0,36.4,5.7,39.7,30.3,20.3,39.7
nviverosb,61.0,57.1,40.8,53.8,84.5,60.6,81.4,57.1,57.0,28.5,54.1,0.0,52.6,57.1,19.1,57.8,72.6,15.7,17.9,19.5,75.5,57.1,57.9,9.9,31.9,57.1,41.6,36.7,57.1
olimita,67.7,54.7,15.1,56.0,54.1,60.7,71.1,56.3,37.4,34.5,30.1,52.6,0.0,54.7,58.5,25.6,25.0,51.5,16.2,19.0,65.7,54.7,78.9,46.5,67.8,54.7,39.3,30.9,54.7
sebcamacho1703,28.2,100.0,38.8,28.0,53.7,34.0,53.7,18.0,12.3,17.8,39.7,57.1,54.7,0.0,44.4,61.2,51.1,35.0,20.5,26.9,40.5,100.0,36.5,46.9,0.1,100.0,27.6,25.1,100.0
serbatero,55.0,9.1,7.7,52.6,45.4,60.1,45.6,44.6,32.9,46.5,20.7,19.1,58.5,44.4,0.0,8.0,17.5,8.3,16.4,5.6,37.1,9.1,50.2,6.8,46.1,9.1,8.1,41.8,9.1
xFortich,39.5,45.7,4.8,33.7,31.8,45.2,25.6,10.8,24.4,34.0,45.8,57.8,25.6,61.2,8.0,0.0,78.3,2.1,19.3,63.0,16.4,45.7,19.8,38.9,22.0,45.7,32.8,29.1,45.7
yaochoal,57.5,45.4,4.6,46.4,35.2,56.1,19.3,55.4,27.8,56.5,40.9,72.6,25.0,51.1,17.5,78.3,0.0,49.9,25.8,75.3,58.5,45.4,20.7,38.7,19.4,45.4,32.7,42.0,45.4
Jufcardenasmo,26.7,35.0,46.9,37.3,45.7,35.0,58.2,22.8,55.9,19.7,45.4,15.7,51.5,35.0,8.3,2.1,49.9,0.0,22.4,46.3,40.2,35.0,41.0,33.9,29.8,35.0,35.0,21.6,35.0
Anvido,20.5,22.2,20.5,13.1,18.0,20.5,18.8,18.1,16.3,37.9,13.9,17.9,16.2,20.5,16.4,19.3,25.8,22.4,0.0,44.4,20.5,20.5,20.5,20.5,16.7,20.5,20.5,20.6,20.5
Alekzu,26.9,73.9,26.9,7.5,11.7,26.9,20.1,11.9,14.8,43.0,47.8,19.5,19.0,26.9,5.6,63.0,75.3,46.3,44.4,0.0,26.9,26.9,26.9,26.9,39.4,26.9,26.9,30.6,26.9
Biopeligro,40.5,66.7,40.5,45.4,47.2,40.5,50.3,33.9,54.5,23.1,29.1,75.5,65.7,40.5,37.1,16.4,58.5,40.2,20.5,26.9,0.0,40.5,40.5,40.5,63.5,40.5,40.5,19.9,40.5
DavidsMartinez,100.0,100.0,100.0,51.2,41.7,100.0,53.7,18.0,54.5,17.8,39.7,57.1,54.7,100.0,9.1,45.7,45.4,35.0,20.5,26.9,40.5,0.0,100.0,100.0,7.2,100.0,100.0,25.1,100.0
Gavnic,28.2,100.0,38.8,63.4,61.3,36.5,69.5,53.5,54.8,8.5,10.0,57.9,78.9,36.5,50.2,19.8,20.7,41.0,20.5,26.9,40.5,100.0,0.0,36.5,20.4,36.5,36.5,7.6,36.5
Gusgal03,28.2,100.0,38.8,39.3,39.8,46.9,45.6,20.3,46.3,15.1,36.4,9.9,46.5,46.9,6.8,38.9,38.7,33.9,20.5,26.9,40.5,100.0,36.5,0.0,6.9,46.9,46.9,20.2,46.9
Ozai98,39.3,7.2,4.7,28.9,28.3,0.1,45.8,41.8,43.5,8.6,5.7,31.9,67.8,0.1,46.1,22.0,19.4,29.8,16.7,39.4,63.5,7.2,20.4,6.9,0.0,0.1,0.1,8.1,0.1
Sariilan,28.2,100.0,38.8,28.0,53.7,100.0,53.7,18.0,54.5,17.8,39.7,57.1,54.7,100.0,9.1,45.7,45.4,35.0,20.5,26.9,40.5,100.0,36.5,46.9,0.1,0.0,100.0,25.1,100.0
facuellarg,28.2,100.0,38.8,28.0,53.7,34.0,53.7,18.0,39.2,12.8,30.3,41.6,39.3,27.6,8.1,32.8,32.7,35.0,20.5,26.9,40.5,100.0,36.5,46.9,0.1,100.0,0.0,18.2,27.6
garayf,40.7,25.1,1.8,31.3,13.5,24.2,6.9,32.9,17.2,53.0,20.3,36.7,30.9,25.1,41.8,29.1,42.0,21.6,20.6,30.6,19.9,25.1,7.6,20.2,8.1,25.1,18.2,0.0,25.1
jssanchezo,28.2,100.0,38.8,28.0,53.7,34.0,53.7,18.0,12.3,17.8,39.7,57.1,54.7,100.0,9.1,45.7,45.4,35.0,20.5,26.9,40.5,100.0,36.5,46.9,0.1,100.0,27.6,25.1,0.0
